4530 202
4398 221
4398 222
4374 177
1956 333
1951 61
3144 157
1329 488
1573 74
2877 256
1860 262
1510 118
468 357
837 328
1658 730
1525 117
980 334
1659 720
1499 108
1069 668
982 532
1640 721
1511 115
1033 517
1470 120
1482 109
1482 109
1483 109
1930 339
2124 248
1463 37
1694 15
1949 42
2810 43
2207 160
2206 160
2435 400
3705 41
2864 522
2775 567
2777 548
3037 548
3038 548
2969 534
3620 101
3491 94
2916 263
1799 255
1533 88
1535 405
1819 270
1644 734
1508 118
854 363
1639 626
1556 121
1073 372
2888 526
3034 538
2840 573
2876 531
2914 529
3618 94
3498 99
3007 258
1811 261
1545 137
2912 559
2953 568
2939 566
3011 568
3033 571
3017 523
3619 103
3494 96
2999 256
1800 253
1571 125
595 288
1660 729
1517 114
778 472
1654 730
1652 630
1511 118
1507 116
1507 118
1507 118
1507 118
1507 119
1507 119
1507 120
1506 122
1506 122
1506 122
1684 999
1444 119
1462 122
1541 126
1541 129
1541 130
1147 370
46 70
2816 530
2816 530
2899 567
2899 567
3018 564
3018 565
1968 1024
2502 169
4319 664
4479 602
4535 627
4315 697
4392 706
4375 702
4416 600
4579 629
4567 699
4598 374
3010 567
3098 568
3113 564
3273 577
3194 602
2890 569
3025 570
3057 566
3218 565
3293 564
3228 600
3334 558
3629 94
3495 97
2942 271
1820 257
1509 126
1642 715
1544 132
897 427
822 639
1699 999
1512 124
1529 107
1529 106
1529 106
1529 106
1496 125
1496 126
1496 126
1497 126
1668 993
1486 139
1132 404
1665 992
1486 104
1650 1004
1475 120
1659 995
1481 117
1645 628
1524 117
1187 428
1645 997
1493 104
1507 123
1507 125
1507 125
1507 125
1507 125
1507 125
1507 125
1507 125
1507 125
1507 125
1507 126
1507 126
1507 126
1507 126
1507 126
1507 126
1507 126
1507 126
1507 126
1507 126
1507 126
1507 127
1507 127
1507 127
1652 619
1466 118
1503 110
1504 111
1506 110
1639 967
1528 97
1496 123
2890 565
2931 564
3099 565
3107 565
2913 565
2952 567
3010 573
3004 583
3042 567
3611 101
3488 99
2631 264
1805 260
1519 128
707 444
1684 709
1524 118
875 369
1657 638
1464 119
987 449
1504 126
1504 127
1504 127
1504 127
1654 994
1470 133
1487 135
1490 123
1490 118
1490 118
1526 540
1543 127
1537 124
1537 124
1537 124
1537 124
1537 123
1537 123
1537 123
1624 632
1532 111
1512 107
1512 107
1512 107
1512 107
1512 107
1512 107
1512 107
1512 107
1512 107
1433 93
1460 112
1465 118
1466 116
1466 116
1466 116
1467 116
1467 116
1467 116
2691 291
2793 357
2648 126
2701 412
2708 412
2687 476
2681 475
2714 494
2801 519
2800 432
2857 434
2764 133
2948 525
2993 568
3120 568
3075 533
3067 531
1042 640
1100 539
1080 585
1077 581
1055 688
3128 519
2722 379
2786 435
3069 434
3192 438
3041 454
2859 457
2963 451
2932 461
3620 100
3496 101
3145 248
1819 274
5498 0
4743 1027
5580 12
5420 0
5475 2
4745 52
4279 800
4279 784
5387 0
4267 906
5759 728
5515 13
5435 10
5437 13
5562 7
4124 237
4752 505
5007 815
5210 413
5223 415
1627 984
1638 1057
4996 713
4843 409
5225 413
5244 409
1666 1056
1509 554
1450 101
397 415
902 587
1498 108
1510 116
1511 117
1511 117
1511 118
1534 542
1676 453
2688 245
2753 273
2837 482
2993 556
3622 96
3491 98
3196 499
3059 253
1701 466
1540 134
608 373
1702 453
1517 121
983 401
943 459
1612 449
1542 105
1005 879
1558 117
1670 449
1544 118
1681 449
1537 127
1628 451
1488 114
1632 447
1466 115
1651 453
1535 133
1503 130
1503 130
1503 130
1503 130
1503 129
1503 129
1503 129
1669 454
1525 120
1615 451
1555 112
1605 448
1529 116
1611 448
1535 130
1613 455
1546 135
1632 453
1542 112
1645 450
1491 121
1656 448
1503 123
1663 449
1542 116
1671 451
1558 127
1559 123
1559 123
1559 123
1700 460
1656 373
1551 124
1648 365
1712 447
1524 138
1527 127
1527 127
1527 127
1527 127
1527 127
1726 443
1598 454
1488 113
943 358
1603 449
1563 122
1561 118
1561 118
1561 118
1561 118
1561 118
1561 118
1561 118
1561 118
1561 118
1611 451
1723 454
1705 453
1681 373
1567 122
1120 591
1521 114
1517 120
1520 117
1521 116
1521 116
1522 116
1522 116
1522 116
1522 116
1697 366
1519 121
1688 365
1487 117
1612 363
1535 138
1632 364
1536 93
1529 99
1529 99
1529 99
1529 99
1602 454
2689 435
3321 355
3355 357
3351 347
3619 100
3491 102
2904 257
1820 262
1508 119
567 298
3187 317
2728 296
2815 490
2813 475
2687 308
2688 525
2773 584
2763 585
2925 527
3154 514
3620 91
3490 99
3118 264
1843 264
1528 109
425 221
880 341
2857 453
2924 465
2781 499
3008 473
3614 107
3498 108
3009 257
1807 270
1513 128
781 335
1009 485
1513 104
1516 110
1516 110
1516 110
1516 110
1517 110
1517 110
1517 110
1517 110
1517 110
1517 110
1517 110
2831 466
2758 476
2829 505
2785 529
3623 102
3490 93
2927 275
1826 258
1539 92
716 384
2883 478
2931 476
2916 474
2979 475
2779 497
2801 499
2903 496
2862 500
2861 500
1490 140
1494 125
1517 127
2875 475
3009 481
3613 98
3487 99
3070 254
1819 278
1514 114
720 350
1488 121
1488 121
1488 121
1488 121
1488 121
1488 121
1488 121
1488 121
1488 121
1488 121
1488 121
1488 121
1488 121
1488 122
1488 122
1488 122
1488 122
2845 586
2827 465
2832 415
2774 451
2706 471
3083 451
1489 117
1496 110
1496 109
1496 109
1496 109
1496 109
1496 109
1496 109
1497 109
2816 459
2826 459
2826 459
2767 498
2767 498
2753 526
2753 526
2899 483
2918 459
2931 470
2930 468
3617 99
3487 101
2991 257
1827 261
1535 126
915 241
930 498
829 707
1505 98
1504 112
1504 112
1504 112
1504 111
1504 111
1504 111
1504 111
1504 111
1504 111
1504 111
1504 111
1504 111
2897 480
2976 473
3022 492
3611 97
3494 99
2822 263
1823 272
1528 155
527 197
1555 130
1516 136
1516 136
1516 136
1516 136
1516 136
1516 136
2907 478
3107 483
3611 103
3503 96
3266 256
3485 103
2963 253
1812 255
1596 149
1526 124
479 248
1504 76
1508 94
1510 112
1510 112
1510 112
1510 112
1511 112
1511 113
1512 114
1512 114
1514 115
1514 115
1514 115
1514 115
1514 115
1514 115
1514 115
1514 115
1514 115
1514 115
1514 116
1514 116
1515 116
1515 116
1515 117
1516 117
1516 117
1516 118
1516 118
1516 118
1516 118
1516 118
1516 118
1517 118
1517 118
1517 118
1517 118
1517 118
1518 118
1519 119
1519 119
2747 435
2745 433
2746 456
2826 392
2863 393
2934 418
3614 103
3485 106
3182 500
2880 350
2906 270
677 183
1481 125
1482 125
1484 123
1484 123
1484 123
1484 123
1485 121
1485 121
1485 121
1485 121
1485 121
1485 121
1485 121
1485 121
1485 121
1485 121
1486 121
1486 121
1486 121
1486 121
765 522
686 580
734 468
777 605
1207 923
847 768
873 783
824 772
2907 288
3050 291
3190 290
3330 292
3610 95
3496 99
3045 259
1821 262
1527 144
700 360
805 448
1900 19
2856 416
2890 412
2872 403
2893 418
3497 97
2883 259
1833 259
1479 124
896 443
695 394
671 463
751 517
1096 804
867 342
2806 414
2806 414
2869 419
1898 13
3495 91
2961 263
1834 262
1543 133
651 246
989 793
2816 414
2889 407
1902 16
3492 100
3017 253
1819 274
1486 129
828 253
1653 724
1505 104
1505 104
1505 106
1505 107
1506 108
1640 629
1533 135
1534 104
1534 104
1534 103
1534 103
23 64
1645 700
1466 131
1480 132
1485 129
1496 122
1498 123
1093 312
98 69
1667 688
1501 137
1643 698
1526 133
1513 121
1516 130
1519 134
1521 137
1522 138
1522 139
1522 140
1523 142
1523 143
1523 145
1523 145
1523 146
1523 146
1525 142
1525 143
602 539
58 91
5574 3
4480 422
4426 237
4724 383
4685 636
5059 599
5615 488
5000 978
1958 117
4541 180
2642 400
2661 449
2661 513
2797 271
2797 271
5173 30
2975 273
2788 282
2991 278
5011 893
4696 722
5079 640
5086 644
5654 509
4825 895
4307 640
4302 639
5759 549
4707 874
5553 571
4760 1049
4755 434
5116 428
5122 404
5682 347
1637 423
1515 117
1505 121
1505 121
1505 121
1634 436
1553 124
1532 122
1524 120
1529 117
1529 117
1640 700
1506 127
1506 127
992 348
55 84
888 512
2802 270
2802 270
5186 15
2805 278
4635 891
1191 646
912 548
1628 434
1499 107
1190 429
1468 120
1641 340
1491 125
1510 126
1510 126
1509 101
1508 102
1508 102
1647 336
1498 133
1498 128
1499 127
1499 127
1499 127
1500 128
1500 128
1500 128
1500 128
192 114
2782 278
4645 897
5577 4
4495 131
5510 18
4771 731
5528 369
4752 402
5759 397
1960 602
1961 603
5385 955
4650 1021
1492 489
1491 490
1489 555
1817 255
1819 305
1808 268
1492 116
1535 106
1535 107
1531 107
1531 106
1849 302
1471 118
910 635
1627 327
1488 116
1500 124
1498 124
1164 272
92 75
4697 1027
2829 268
2787 281
2787 281
5138 570
5144 561
5144 561
3878 551
3877 553
3872 556
3871 556
3871 557
3871 557
3871 558
3871 558
5127 556
5128 558
5128 558
5128 558
5128 558
5147 15
1962 589
5666 604
5563 178
2950 220
5121 352
4717 435
5367 403
4724 779
3738 0
3701 150
3646 201
3135 324
2947 574
3056 360
4165 935
5378 943
5534 191
5138 323
925 337
926 361
1056 397
985 771
5578 18
4375 363
4695 118
4671 134
4833 729
4313 719
5150 803
4878 569
4907 578
4912 578
4695 591
5025 805
4714 865
4799 868
4880 864
4952 864
5021 864
5099 863
4782 857
4724 864
4678 863
4639 867
4658 866
4986 678
4986 678
4944 623
4992 553
5001 386
4533 862
4566 756
4689 724
1534 545
1529 406
1528 490
1680 373
4597 782
4595 868
4599 860
4585 859
4571 859
4567 859
4561 862
4553 863
4546 864
4529 864
4549 602
4026 802
4211 827
5495 0
4852 134
5234 746
5748 393
5752 284
5745 308
5156 431
5307 624
5313 0
5405 0
4174 850
4861 130
5518 16
1837 320
1855 296
1493 120
894 435
887 409
844 486
1157 721
1649 902
1495 134
1649 904
1493 131
1017 536
5475 0
1667 939
1644 929
1528 123
1658 932
3313 162
3309 204
2633 129
2681 474
2714 308
2865 352
2865 352
2926 347
5572 1
5251 81
4303 333
4502 410
4395 319
4395 319
4391 319
4392 319
2846 348
2843 514
2683 434
2714 497
2692 434
2692 434
2706 520
2907 543
2907 543
4761 306
4929 331
4281 319
4282 319
4848 322
4846 322
2910 542
2910 542
2819 451
2947 448
2683 540
2693 536
2712 459
4768 320
4265 329
4265 329
5307 408
2779 392
2779 392
2771 393
2763 473
2781 561
2781 561
2896 566
2931 467
2938 498
3799 973
2912 481
2753 130
2808 419
2741 87
2566 354
2882 436
2937 434
2688 484
3251 482
2721 475
2842 524
3221 523
3288 524
2725 545
2749 563
2787 502
2786 539
3100 516
3098 561
3243 558
3193 589
3245 557
3240 556
3230 482
3056 394
3107 374
2756 411
2661 419
2661 419
2952 413
2952 413
3223 417
2657 132
2690 208
2690 208
2705 291
2825 288
2824 411
2771 139
3096 484
3111 409
2722 503
2707 501
2970 413
2955 493
3153 506
2683 414
3156 446
2646 417
2646 417
2791 438
2791 438
2813 416
2912 418
2941 436
2827 366
3616 103
3486 101
3060 255
1839 306
1503 119
3494 102
2976 258
1824 315
1686 843
1659 983
1658 894
1664 880
1691 877
1664 877
1623 873
1623 873
1640 972
1641 969
1660 1061
1514 556
1479 118
1013 284
1671 796
1475 128
1659 783
1507 115
1644 788
1504 124
1245 232
1172 338
823 772
1641 830
1517 116
1648 766
1528 127
1640 749
1517 124
1659 752
1493 132
1493 132
1494 132
1642 336
1463 117
1467 118
1489 127
2649 129
2697 482
2676 479
2690 480
2717 463
2696 229
2696 229
2699 392
2683 475
2684 475
2676 458
2675 458
2668 479
2690 478
2690 478
2716 397
2704 481
2815 479
2771 432
2824 519
2804 525
2802 537
2815 521
2811 435
2715 394
2715 394
2772 130
3810 526
2877 398
2723 267
2828 395
2828 395
3193 396
3193 396
3040 400
3040 400
2820 394
2739 436
2739 436
2740 458
2740 458
2642 122
2707 476
2707 476
2778 125
3022 392
3022 392
3191 398
3179 420
3252 393
3621 101
3493 100
3095 248
1848 82
1479 54
1825 311
1632 874
1632 874
1654 970
1654 1057
2652 123
2770 368
2771 456
2764 475
2832 476
2832 476
4775 307
4961 261
2700 540
2688 541
2688 541
4768 324
2800 559
2965 561
2883 498
3609 98
3493 97
2836 261
1834 314
1677 971
1688 1067
1648 975
1533 122
1654 752
1633 505
1498 109
1056 333
1638 519
1631 676
1659 746
1506 103
1497 108
1648 736
1527 140
1526 122
1527 121
1527 121
1092 465
1523 130
1644 582
1494 130
1142 388
1528 123
1528 123
1640 463
1525 121
1517 119
1518 118
1646 729
1630 463
1518 101
1511 101
1511 101
1655 722
1548 115
1548 114
1548 114
1651 547
1452 123
1452 123
1452 123
1452 123
1036 508
1018 463
1521 563
1513 390
1510 367
1502 335
1514 416
1501 383
1504 400
1812 266
1509 120
2025 154
3493 96
2890 256
1827 268
1690 779
1696 911
1641 697
1641 697
1643 798
1645 793
1633 893
1641 968
1653 1055
1665 605
1518 125
3491 101
2823 264
1836 258
1684 856
1693 910
1668 827
1676 873
1677 967
1694 1065
1485 114
837 395
1520 111
1520 115
1524 552
1822 103
1531 122
1830 165
1535 123
1795 216
1519 141
1235 264
1188 355
1680 429
1773 457
4761 317
4926 259
4848 318
4841 307
4841 307
1436 492
1810 93
1443 494
1443 494
1443 489
1443 489
1485 559
1491 481
1520 549
1813 251
1449 491
1449 491
1500 552
1846 361
1449 495
1449 495
1492 545
1895 18
2042 176
2134 200
2910 619
2145 255
2919 619
2144 263
2917 616
2130 267
2921 621
3489 100
3023 280
2592 255
1805 113
1535 131
1826 162
1569 128
1872 219
1512 133
1844 255
1546 127
668 331
962 299
1852 309
1524 131
1527 116
1527 116
1646 629
1513 111
1511 110
1511 110
978 333
922 406
3795 973
2922 433
5251 0
5193 0
5004 645
4936 281
5178 429
5170 404
5180 406
5180 406
1636 780
1636 780
1635 789
1635 789
5173 418
5173 416
1628 779
1684 781
1661 791
1660 794
1652 789
5160 411
5160 411
5185 411
5248 478
1652 961
1653 794
1634 789
1632 16
1642 776
5182 409
5186 411
5186 411
5560 7
1633 798
1635 793
1629 685
1629 685
1640 799
1928 605
1930 605
5570 179
5420 7
5333 0
1644 966
1643 781
4785 4
3940 111
5312 4
4220 626
4220 626
4220 626
4249 730
5084 2
5190 406
5173 411
5173 411
5457 443
5008 714
1642 787
5006 687
4941 525
4927 529
5171 407
5171 406
5170 404
5214 472
1629 878
1629 878
1642 878
1642 878
1660 878
1682 875
1529 122
3485 100
2898 268
1812 320
1554 137
942 439
1674 641
1532 552
1504 132
1683 780
4998 693
1623 873
1654 878
1532 556
1530 114
1530 112
1530 112
4904 452
4902 419
1628 883
1658 871
1454 113
1456 113
1122 581
165 98
5178 4
4404 169
1959 124
2759 274
2759 275
4837 46
3222 54
4785 347
4909 110
3753 120
4397 174
2757 266
4874 491
4992 481
4959 311
4857 311
5168 311
5565 12
4168 227
4594 484
4594 517
5308 669
4770 495
5506 17
4321 540
4318 535
4442 671
4335 861
5501 22
4164 529
4466 664
4342 655
4314 866
5509 13
5235 22
4416 2
5091 12
4915 308
5223 711
3920 60
4799 498
4595 643
4604 553
5759 316
5170 134
4938 692
5624 427
4407 235
4688 434
2761 271
4669 910
4625 915
4717 830
5677 412
4807 721
5668 370
4721 1030
4752 764
5713 413
1754 740
4594 1040
1902 14
2130 202
2135 287
2149 210
2124 198
2399 567
2245 627
3716 101
2081 642
3740 100
3154 798
4619 1019
3827 42
2967 593
2768 268
2768 268
5057 569
3879 570
3860 569
3869 569
5068 563
5067 568
5070 37
4663 1031
4684 1027
3387 202
5571 6
4028 227
4265 0
4695 1036
1962 606
5194 168
5570 180
4683 1056
5486 12
4240 362
3839 0
3713 150
3683 214
2999 388
2918 579
2934 570
2949 580
3057 361
3391 160
4957 0
5500 0
4939 0
4782 678
5636 444
4985 979
4397 213
4400 224
5493 0
4731 855
4857 484
1922 1072
1947 1062
4912 613
4899 572
4645 573
4149 142
5474 9
5759 451
5759 805
1930 1035
1956 1066
1964 1043
2783 659
2332 110
2989 418
3482 112
5413 12
5479 1
5414 0
4891 575
4226 145
5462 0
5569 16
4189 351
5402 0
4204 119
4211 143
4312 238
4764 551
4756 576
4730 690
4731 691
4622 766
4929 708
3013 50
5009 22
4628 768
4593 618
4920 716
5541 39
5357 113
3077 53
4067 157
4648 20
3521 84
5260 0
5175 0
4861 440
5013 357
4688 563
4970 613
3790 0
3698 149
3672 206
3109 158
2939 508
4258 908
4801 901
532 616
1172 484
1171 490
5512 901
4266 901
4366 825
4264 901
5274 667
5374 705
5151 125
3342 823
4350 0
5572 9
4485 369
4010 1
5476 0
5036 295
4372 234
4755 446
4658 790
4849 560
5445 516
4775 848
5481 555
4672 791
4610 446
4739 466
4753 419
4864 489
5363 91
5533 58
5442 108
4874 426
4820 304
4977 74
4645 387
4766 987
4778 86
1430 132
2649 895
2162 882
2151 882
3627 501
3612 537
3687 927
1981 1077
3169 620
2640 46
2361 293
2787 98
3680 264
3632 551
3614 572
3634 548
3607 576
5739 26
4827 605
5731 18
4587 597
5512 13
5026 4
4340 356
4818 778
5015 16
4796 0
4765 320
4995 260
4592 257
4477 396
1405 0
2837 108
2446 470
1963 676
40 1039
37 1048
4759 316
4633 332
45 1049
32 1042
4563 3
4046 1006
5159 203
4757 732
5316 438
4723 645
4057 117
5719 381
5759 472
4414 174
4677 396
4638 431
4627 243
4699 244
4606 922
5231 882
4987 931
4600 926
4439 222
4844 598
5005 778
4411 246
4407 227
5233 118
5192 226
5162 238
4573 237
4603 252
4331 123
4676 0
5208 119
5187 170
4756 15
4387 170
4723 0
4597 69
4481 54
5759 62
5592 194
4399 45
3796 165
2859 570
4965 370
5759 619
4584 990
5171 145
5487 3
4402 315
4943 444
4855 499
4871 275
5079 449
5111 555
5101 472
5120 582
4904 509
2272 248
4655 8
4595 0
5759 751
4605 259
4498 240
4655 259
4675 258
4518 240
4606 309
4300 257
4753 15
4574 17
5515 517
5014 881
4756 354
4454 176
4648 0
5759 439
5759 538
4575 1
5135 243
4763 851
4853 936
4836 953
4831 848
4768 709
5415 683
4802 750
5302 686
4765 626
4765 621
5387 595
4772 810
5233 810
4820 962
4830 895
4871 1041
4637 0
5750 568
4571 4
4635 11
4761 194
4804 269
4782 201
4822 417
3621 202
3794 595
3794 599
3797 163
4363 232
4710 0
4706 789
4707 1030
2908 703
4380 225
4634 17
4350 177
4941 530
4551 647
5234 310
5415 309
5759 511
5226 125
5133 226
961 666
4864 381
5121 225
4356 0
4888 639
3045 652
4375 12
2447 288
2933 807
3119 389
2949 509
4269 917
4950 125
1041 918
1846 928
1826 955
848 911
2120 38
2905 739
5174 0
3871 528
3869 525
3869 525
5203 15
5203 15
5203 15
5203 16
5201 20
5201 20
5199 21
5199 22
5199 22
5199 22
5333 3
4590 184
5759 240
5195 126
5163 240
5125 214
5132 237
5759 575
5187 274
5759 797
4741 130
5128 219
4625 830
4793 577
5657 283
5161 217
5438 311
4371 231
4821 121
4817 128
5351 315
3926 50
5045 119
5372 707
5013 128
5063 886
5348 554
4786 131
5277 324
5260 128
5409 270
4401 169
4568 541
5053 308
3858 55
5759 415
5192 306
5413 302
4911 186
4847 562
4641 186
4533 185
4392 233
4758 301
4643 751
4825 605
4912 617
5400 493
4650 700
5392 589
4644 764
4848 545
4403 574
5571 451
5003 956
4444 214
4441 222
4706 1010
4615 587
5759 894
4411 227
4908 539
4997 960
1948 601
5107 171
5360 250
1137 127
5326 82
4398 344
5510 16
4357 199
5573 6
5268 83
4284 347
4368 317
5021 256
1201 141
4363 357
3025 145
648 856
655 859
5508 16
5418 0
651 859
654 864
1957 121
2858 46
1952 533
1622 75
1014 281
158 243
610 640
5320 0
3953 316
4401 179
2201 892
2187 883
3162 104
4963 725
5707 501
5018 610
4898 327
4418 229
5386 0
4867 247
4699 762
5759 422
709 18
1196 22
3810 164
5469 12
4661 860
4693 822
4762 862
4801 864
4855 863
4893 865
4851 555
2920 662
3123 386
2870 508
396 906
880 902
1858 918
1822 951
848 917
2419 47
4835 533
4878 599
4851 524
4655 548
4600 602
5113 860
5514 28
3936 137
2931 734
2049 583
4249 907
3855 50
5569 0
5256 86
4450 343
390 906
369 901
829 913
829 913
5331 12
4885 2
4825 258
4671 1037
4452 234
5338 7
5398 11
4941 787
4866 179
4868 177
5124 449
4870 175
4128 419
4108 422
4081 421
4059 536
4785 139
4079 537
4048 513
4032 552
4816 135
4804 128
5414 14
