4361 117
4361 117
4715 22
4949 66
5600 67
3226 424
2513 250
2894 339
3228 416
3131 40
3453 82
3289 88
2862 206
2466 919
2666 968
2666 968
2666 968
2387 937
3097 735
3825 43
2296 34
3577 40
3436 157
3008 410
2695 258
2912 509
2152 673
2665 577
3064 592
2001 82
2292 41
3297 346
3516 42
2268 47
3273 399
2955 558
3572 44
2769 678
2962 554
2010 78
2639 713
3055 711
2006 85
2220 40
3613 38
2422 42
3588 43
2747 638
2968 587
2423 46
3551 38
2007 79
2817 921
3156 592
3174 701
3659 643
3839 0
3668 153
3663 211
3006 317
2952 560
2954 577
3059 361
2591 657
2961 171
2869 614
4883 837
4894 813
4894 837
4899 871
3764 161
3500 165
4355 293
5002 352
4746 766
4830 649
4652 410
2770 561
4274 696
3571 45
3619 133
3497 46
2895 610
2242 45
2565 268
3017 566
3133 977
2516 223
3552 43
3760 160
3510 165
3519 1050
2211 38
2533 259
2903 683
2846 1027
3561 50
2190 34
2943 1029
3564 44
3528 1035
3556 1043
3457 0
3113 539
2240 44
3295 417
3552 25
3554 40
3691 36
2809 432
3801 207
3387 53
3576 42
2637 167
2314 510
3283 36
3429 27
2149 187
1953 609
3549 43
3417 39
5607 67
3553 653
1974 602
5605 67
4888 212
1949 613
4628 123
3468 183
5602 70
1962 1067
2511 158
4305 668
4400 667
4470 628
4359 664
4411 632
4532 701
4590 672
4540 599
4286 532
4591 675
4582 699
4585 592
4585 599
4585 599
4409 675
4409 674
4344 597
4482 604
4427 595
4534 709
4586 598
4586 598
4586 596
4589 596
4590 595
4590 595
4418 664
4418 664
4372 599
4497 603
4319 659
4379 593
4524 709
4598 374
2233 29
2792 767
3632 203
3411 38
3520 1041
4839 146
3349 411
3749 153
3521 157
3502 43
3494 51
3503 39
3502 39
3501 39
3329 45
3094 52
2870 44
2649 43
2524 259
2930 540
2428 37
3008 21
1442 4
1958 610
2294 587
1946 599
5610 65
1973 343
4478 5
2927 163
2052 125
2000 171
2689 246
2689 246
2709 832
2709 832
2840 837
3492 103
3502 40
3164 347
2909 360
2687 685
2628 648
2685 651
2651 625
3259 257
2785 354
2839 353
2619 481
2932 478
2675 476
2930 479
2933 464
3492 92
2851 479
2851 479
3016 475
3486 101
2879 258
2848 479
2852 477
2852 477
2938 481
1480 317
3493 100
3265 252
2866 479
3104 468
3115 487
3494 100
3204 335
2897 364
2609 607
3266 255
2703 479
3009 477
2654 504
2982 563
3021 467
3029 478
2867 483
3141 478
3483 101
3189 363
2910 364
2692 705
2723 839
3012 595
2835 389
2987 591
2856 368
2633 473
3058 679
2921 370
2904 356
2870 363
3033 685
2893 367
2603 612
2672 648
3017 692
2844 366
3004 681
2891 345
3040 693
2921 378
3066 672
2801 336
2594 617
2728 628
2649 586
2993 684
2893 375
2652 628
3050 680
2867 366
2987 677
2871 346
2625 563
2889 477
2908 468
2906 468
2906 467
2906 467
2906 467
2906 467
2906 467
2906 467
2906 467
2998 260
4407 233
2384 481
2326 598
2342 547
2419 406
2339 543
2376 577
2350 563
2247 342
2425 620
2391 634
2371 691
2336 667
2293 646
2303 634
2454 648
2328 603
2340 721
2341 725
2352 563
2347 688
2343 614
2396 507
2340 611
2331 586
2337 582
2318 434
2385 526
2391 535
2337 575
2310 528
2302 518
2350 425
2350 420
2373 448
2319 528
2308 525
2299 516
2376 454
2350 418
2321 550
2356 448
2321 546
2875 351
2619 350
2260 586
2967 250
2769 132
2724 391
2775 517
2659 384
2788 377
2829 394
2641 386
2641 386
2650 137
2771 363
2771 363
2899 366
3024 214
3110 215
2756 133
3149 321
2725 527
3045 528
2726 343
2725 527
2640 341
2640 341
2724 529
2725 549
2726 509
2938 278
2917 429
3045 364
2623 362
2622 366
2771 449
2818 386
2827 472
2870 576
2897 582
2887 603
2770 510
2792 611
3039 277
2733 304
2651 124
2699 320
2699 320
2757 134
2672 300
2672 300
2871 296
2871 296
2715 297
3086 295
3087 300
2725 532
2753 321
2635 318
2635 318
2723 533
2726 547
2726 492
2726 511
2869 403
2658 383
2658 383
2964 487
2964 487
2712 417
2772 510
2722 294
2641 300
2641 300
2774 421
2773 466
2925 427
2765 489
2894 469
2726 487
2747 487
2856 486
2864 463
2870 593
3103 490
2719 548
2775 533
2883 552
2833 471
2975 484
2857 514
2885 485
2819 315
2649 134
2764 127
2986 390
3117 388
2656 365
2849 455
3072 478
2696 363
2724 530
2737 371
2645 362
2645 362
2725 532
2723 551
2726 572
2728 590
3017 588
2725 591
3075 574
2781 404
2868 373
3171 279
2811 510
2726 175
2685 172
3005 165
3096 185
2636 168
2636 168
2815 510
2813 571
2968 510
2968 510
2813 570
2813 550
2813 531
3107 549
3020 532
2975 442
2975 442
2776 444
3103 441
3140 447
3043 253
2816 279
2816 279
2621 283
2773 552
2771 593
3103 560
3108 487
2902 494
2898 431
3023 414
3135 409
2725 574
2693 365
2723 379
2639 386
2639 386
2725 572
2727 589
2726 489
3046 509
2778 325
2779 344
2775 345
2773 325
2812 592
2724 363
3036 369
2812 532
2773 533
2693 333
2815 343
2815 343
2619 343
3032 340
2636 343
2636 343
3096 427
3099 471
2935 416
3043 474
3040 419
2653 134
2766 531
2764 365
2764 444
2764 526
2765 529
2766 448
2865 449
3490 102
3183 342
2890 362
3182 397
2829 352
3187 449
2902 363
2657 453
2612 470
2904 647
4076 8
5194 743
1956 65
1946 598
3913 221
1944 599
5142 68
4200 264
3424 232
4348 55
4254 227
4189 0
4051 795
5275 524
5275 524
5275 524
5275 524
5298 486
5298 486
5365 476
5759 447
4412 0
5759 824
4491 11
4160 132
4051 134
4102 141
4102 141
4253 268
4497 12
4082 135
4083 137
3982 140
3984 138
4132 349
4094 705
4622 0
3265 260
2782 135
2654 129
2774 135
2750 469
3093 363
2635 130
2847 302
2765 133
2649 135
2857 297
2735 447
2776 126
3018 123
2746 302
2774 298
2772 298
2743 344
2743 344
4983 678
4983 678
4763 9
4075 544
5431 55
5294 358
5277 396
5320 501
5172 16
5239 98
3852 49
5315 100
5310 86
4422 289
4373 340
4346 319
4885 320
4885 317
2709 346
2716 345
2774 389
4988 4
4171 224
5052 5
4223 340
4997 0
5231 0
3996 262
4231 456
3850 45
4291 634
2751 386
2755 386
2760 388
2791 431
2791 430
2787 466
3495 100
3256 262
2811 470
3482 106
2708 493
3479 101
3262 265
2786 499
3495 98
3146 265
2763 385
2659 415
2818 406
1900 17
3496 97
3267 259
2794 410
2775 391
2709 426
2719 411
2776 341
2776 341
2712 425
2712 425
2696 433
2762 428
2762 428
2887 316
2628 135
2520 132
2721 362
3294 382
2627 141
2791 421
3001 385
2958 440
2955 407
3120 462
3141 444
3485 100
3177 391
3179 453
3189 349
3200 442
3210 393
3263 262
3076 451
2952 382
2590 335
2635 359
2642 348
2609 338
2803 362
2676 462
2694 514
2804 414
2910 411
2812 422
2834 379
2798 378
2780 405
2915 393
3012 411
2984 385
3037 406
3087 430
2996 446
2811 423
2980 402
2810 404
2803 383
2891 381
2803 404
2799 380
2804 363
2956 362
3497 106
3212 446
2906 648
3260 257
2803 361
2913 465
2960 449
3003 482
2986 468
3488 98
2873 648
3264 257
2811 356
2810 387
2911 381
2816 400
2990 403
2827 403
2812 426
2989 426
2809 448
2886 447
2813 464
2923 467
2957 471
2900 359
2897 360
3097 341
3006 379
2812 385
2796 366
2980 361
3006 382
2811 365
2810 383
2815 407
2809 422
3030 445
3019 476
3498 98
2897 646
3252 255
2892 360
3008 466
3062 454
3495 108
2905 660
3257 255
2782 125
2532 129
3009 123
2745 490
2827 476
3492 101
2881 651
2923 612
2915 575
2895 643
3261 259
3490 106
2927 645
3261 251
2813 582
2796 473
2863 471
3480 107
2874 651
3072 258
5426 0
3986 0
4630 0
2631 134
2852 360
2851 360
5603 7
4306 229
4677 429
5751 1057
2672 488
2731 87
5562 11
4207 375
2858 367
2858 367
2858 385
2857 385
2858 409
2858 409
2914 399
2914 399
2828 365
2829 382
2830 403
2828 426
2829 446
2833 469
2821 404
2931 424
2829 446
2829 446
2850 465
2850 465
2918 454
3611 109
3496 104
2838 644
3260 258
2919 470
2740 358
2783 403
2880 485
2994 403
2975 422
2861 547
2880 550
2892 552
2896 549
2891 552
2766 550
2910 557
2909 537
2761 408
2888 432
2911 415
2589 256
2727 268
2974 281
2911 471
2975 413
2999 386
2965 490
3079 519
2897 556
2927 486
2964 479
3487 95
2900 608
2896 650
2897 606
2895 574
3083 260
5613 6
4183 135
4284 231
5395 0
3982 136
3982 136
4311 365
5435 13
2983 321
2866 205
2775 127
3036 133
2620 325
2653 335
2650 344
2931 466
2789 645
2761 471
3612 105
3500 99
2915 564
2893 601
2892 640
2893 586
3093 265
2685 410
2757 134
2643 136
2527 121
3244 384
3120 427
2944 376
2876 360
3053 332
1794 226
3498 100
3256 257
3086 408
2654 135
2736 138
3023 132
2787 134
2506 129
3044 508
3084 404
2988 421
2951 420
3059 135
2808 431
2808 431
2541 117
3024 128
2771 450
2771 450
2544 126
2635 121
3018 136
2750 469
2750 469
2523 127
3094 440
3094 440
3160 450
3183 450
2661 450
3020 467
3027 477
3243 534
3020 531
2771 484
3071 505
3143 487
3197 485
3097 514
3105 511
3085 404
3039 528
3254 509
3478 105
2898 646
2891 604
3270 255
2996 509
3167 507
3496 104
2900 608
2902 646
3270 259
3055 497
3200 495
3197 510
3015 508
3139 512
3470 500
3490 108
2859 635
2862 612
3264 257
3175 507
3131 556
3495 92
2887 610
2879 664
2878 625
3258 254
2771 530
2806 527
3483 97
2897 570
2895 594
2903 645
3261 254
2731 529
2731 529
2746 533
3252 488
3294 488
3063 510
3206 411
3028 120
2685 410
2759 281
5192 0
2845 470
3041 126
2647 470
2657 477
2854 472
2845 468
2817 365
2680 385
2803 363
2847 386
2623 491
2621 486
2781 459
2818 484
2820 473
2764 475
2955 337
2763 521
2781 532
2769 364
2804 365
2865 282
3491 105
2892 597
2892 646
2893 614
3261 256
2871 512
2828 488
2866 491
3499 108
3267 257
2707 448
2707 447
2798 445
3484 113
3489 104
3261 257
2854 508
4923 0
4735 0
4006 250
4296 502
5759 590
3855 45
4253 626
4158 862
4159 861
2728 531
2728 531
2996 521
3489 107
3055 381
3033 378
3265 261
2818 432
2805 427
2819 430
2861 528
2903 501
3485 94
3046 385
3046 371
3262 253
2813 552
2953 501
2715 401
2901 398
2918 400
2864 522
2876 516
3505 99
3615 101
3495 99
2992 398
3009 392
3988 259
4284 496
3266 258
2734 448
2734 448
2852 531
2833 568
2884 514
3493 96
3916 350
4232 451
4834 2
4896 12
4306 535
4297 644
4202 765
4814 15
4955 0
4988 21
4981 13
4847 1
5759 646
4791 0
4820 11
4646 0
4869 0
4656 0
4933 0
5349 0
4216 135
4267 137
4011 135
4118 375
4650 782
4674 605
2725 193
4554 532
4554 532
4697 527
4697 527
2640 191
2640 191
2654 211
2773 220
2777 214
2768 232
2746 216
2676 211
2771 193
2787 202
2739 439
2796 470
2837 468
2827 468
2679 357
2833 462
2693 486
2797 517
2821 594
2817 593
2754 640
2754 639
2757 506
2757 507
2815 513
3486 96
2662 385
2662 385
2679 468
2679 468
2689 594
2689 594
2840 615
2854 490
2770 470
3495 103
2925 422
2946 469
3485 93
2901 572
2898 600
2897 634
3076 249
2958 445
2762 414
1783 268
3491 102
3079 262
1691 253
2759 441
2759 441
2854 443
2725 201
2619 213
2648 357
2751 316
2683 332
2567 404
2733 405
2653 401
2680 406
2930 361
2979 362
2617 405
2832 391
2781 129
2638 128
2519 132
3138 400
3240 441
2904 435
3245 462
3273 459
3499 94
2752 132
3023 123
2611 405
2609 413
2612 590
2873 399
3485 100
3257 258
2652 135
2747 128
2643 129
2522 130
5599 6
4215 115
4208 135
4259 381
5576 14
4486 131
4214 395
5569 12
4293 728
2940 427
2940 427
3100 422
3492 106
3261 259
3074 423
2690 445
2617 466
2767 466
2959 533
2863 471
2869 470
3066 466
3124 464
3105 467
3259 489
2834 484
2635 487
3138 473
2923 404
2923 404
2954 595
2954 598
2983 492
2983 492
3137 496
3254 509
3123 494
2682 363
2700 363
2663 468
3028 534
3026 467
2820 321
2689 516
2661 428
2703 423
2626 464
3067 490
2812 324
2867 383
2886 451
2886 451
3108 340
3108 340
2869 359
2869 359
3161 368
3130 391
3482 102
3265 255
3075 424
3101 423
3493 97
3257 257
3074 425
3074 425
3167 427
3490 92
3261 258
2641 127
2810 383
2813 407
2813 425
2814 445
2813 465
2813 486
2950 472
3490 102
5605 15
4347 237
4674 791
4748 803
4812 807
4757 733
4669 736
4656 734
4743 734
4752 744
3203 252
2514 132
3240 382
3604 104
3617 102
3612 95
3498 99
3264 256
5464 0
4329 751
3225 426
3270 429
3496 97
3263 261
2672 128
2757 128
3009 125
2779 466
2743 444
3485 104
3258 260
2838 444
2846 508
2926 487
3491 99
2896 656
2891 627
2887 569
2886 604
2892 656
2891 619
2891 591
2875 567
3259 264
2646 131
3014 469
3482 102
3090 263
3565 267
2552 122
3039 382
3196 422
3491 103
3039 271
3180 339
3186 381
3190 383
3197 300
3180 346
3204 293
3338 456
3329 541
3354 629
3353 639
3327 545
3335 457
3323 292
3031 313
2693 529
3277 522
3351 762
3354 761
3364 486
3367 484
3281 521
3272 517
2826 575
2840 656
2816 652
2813 650
3347 552
3345 554
2741 627
2826 576
3413 217
2906 471
3089 462
3493 103
2972 467
3250 441
3486 98
2935 475
3233 523
3487 108
3257 258
2626 126
2791 125
3026 130
2919 441
2831 408
3501 97
3258 261
2863 406
3486 108
2906 647
2901 620
3261 259
2934 407
2897 427
2895 425
2854 422
2847 411
3490 99
2917 567
2903 620
2897 653
2897 625
2902 592
2901 657
2900 565
3257 253
2660 127
2752 126
2532 127
2887 467
2896 470
2906 471
2930 469
3238 455
3492 93
2895 606
2891 640
3261 258
2624 124
2819 243
2821 347
2821 369
2819 393
2820 421
2819 439
2821 460
2819 483
2822 503
2823 522
3014 498
2821 226
2819 246
2820 268
2820 287
2818 308
2820 328
3115 320
3487 97
2885 563
2884 614
2895 646
3262 258
2958 399
2963 411
2669 489
2747 488
2890 468
2706 426
2813 447
2836 447
2775 131
2995 505
3126 509
3145 480
4818 0
5522 0
4062 0
3113 385
3100 340
2743 364
2716 420
2758 384
3083 384
2594 359
2691 403
2675 382
2808 385
2588 506
2700 406
2701 425
3211 427
2619 385
2619 387
2838 530
2700 550
2712 450
2712 450
2790 552
2915 552
2621 529
2659 509
2796 381
2620 450
2617 431
3160 490
2767 466
2767 466
2849 426
2915 423
3482 101
3227 401
2931 354
3027 785
2902 330
3002 779
2887 334
2914 371
2872 372
2819 361
2907 255
2672 424
2776 335
2959 752
2801 332
2957 761
2831 337
2940 761
2807 311
2986 754
2830 311
2591 456
2832 609
2855 527
2849 571
2836 610
2827 571
2826 542
2823 610
2527 131
2757 407
3168 437
3617 102
3479 105
2900 642
4155 0
3026 602
3037 706
3048 749
3036 727
3054 778
3036 802
3064 779
3120 255
2642 117
2777 132
4347 736
4330 791
4630 462
4641 507
4490 756
4508 791
4323 809
2620 136
2685 547
2748 464
2768 466
2801 444
2839 428
2764 136
2852 318
2751 317
2823 514
2651 550
2928 549
2909 533
2857 556
2789 532
2693 530
2790 541
2873 558
2778 550
2778 550
2640 131
2869 426
2883 397
2816 229
2785 129
2861 550
2886 448
3809 155
3114 402
3614 95
3493 103
3246 512
3056 694
2870 368
2774 554
2915 482
2824 527
2836 525
3495 100
3195 499
3019 684
2877 819
2870 363
2683 601
2702 548
3266 249
3497 103
3037 258
1518 412
1848 262
1471 129
1656 847
1619 667
1668 842
1463 120
1824 213
1507 135
803 662
1803 263
1518 122
2588 261
2800 339
2693 346
2764 382
2870 389
2882 386
3622 101
3493 103
3116 266
1366 434
1097 291
1150 189
2632 122
2519 120
2916 467
1820 214
1552 121
1839 166
1542 129
778 655
1806 207
1475 117
1816 259
1516 117
1645 894
1512 124
1654 714
1520 561
1506 127
1644 732
2760 123
2731 499
2893 485
3608 101
3497 100
3182 509
2893 346
2126 1027
2863 445
2903 340
2900 346
3628 95
3491 100
3164 489
2862 363
2927 267
382 881
591 676
1668 848
1510 105
1658 760
1468 105
1131 397
1643 763
1536 124
1178 440
1640 844
1485 115
1829 208
1530 122
1840 262
1517 98
1670 812
1516 128
1651 908
1491 125
1660 807
1529 126
1640 817
1481 129
1649 818
1548 114
1693 817
1521 125
2813 382
3102 480
3620 108
3485 107
3039 263
1646 33
1812 263
1545 130
376 808
1640 906
1497 104
2889 252
2889 252
2872 257
2872 257
3150 514
3618 100
3484 106
3180 510
2914 361
2946 275
400 776
1638 911
1533 58
1526 111
2851 466
2740 470
2926 455
1905 30
3501 92
3176 488
2993 260
1543 126
397 625
637 771
1664 748
1473 122
1639 834
1653 725
1639 755
1518 122
1630 745
1502 117
1677 648
1503 123
1042 300
1624 830
1517 108
1664 837
1507 94
1128 421
2683 402
2848 534
2686 552
2857 554
2790 547
2991 542
2883 518
2866 528
2641 552
2641 552
2781 528
2684 525
3051 531
3013 502
2855 445
2776 490
3000 491
3616 105
3485 110
2934 261
1822 261
1550 136
633 803
617 586
1640 810
1479 97
799 376
1668 975
1483 548
1479 126
1087 298
2718 468
2718 468
2852 464
2847 504
2911 540
3623 95
3479 102
3086 257
1860 261
1468 115
883 523
670 433
1635 633
1459 104
1063 371
2773 466
3811 479
2680 177
3167 366
2935 389
2844 365
5605 6
4230 384
4484 745
4484 745
2819 406
3029 408
3018 444
2998 406
2826 449
2925 443
3005 443
3609 102
3487 108
3175 497
2860 356
2799 385
2889 361
3489 96
3180 502
2873 355
2977 258
906 500
2968 510
2719 508
2881 491
2779 389
2794 379
2858 385
3614 98
3492 104
3185 489
2855 332
2917 268
668 317
1665 720
1535 136
4033 0
4120 0
1902 12
2766 833
3623 103
2734 497
2920 494
3483 97
3051 255
1818 270
1639 685
1482 117
499 340
886 174
967 221
878 192
861 165
823 221
901 196
880 210
913 237
965 204
954 207
1626 602
1527 130
1050 355
1621 688
1521 125
902 455
1025 472
1651 684
1562 116
1660 685
1489 113
905 385
902 517
1081 551
1625 684
1487 123
984 480
2853 489
2857 442
2871 471
2878 527
2884 516
2712 550
2712 550
2869 485
2934 478
3620 97
3489 101
2853 251
1835 267
1499 129
649 327
860 408
1634 728
1538 125
938 278
689 483
1046 368
1063 383
1620 729
1157 461
1139 442
1507 139
937 835
1642 631
1523 137
1652 645
1529 105
786 790
5599 8
4116 141
4131 235
4804 814
4343 226
1646 1058
1646 1058
1639 1055
1639 1055
1667 1055
1653 1062
1530 124
1530 125
1530 125
1530 125
1530 125
1530 125
1529 125
1662 865
1569 124
1651 866
1524 121
1655 866
1516 116
1644 509
1484 140
1495 100
122 182
1519 127
1516 127
145 130
1970 605
3518 655
3520 668
3519 677
3416 237
5610 13
4527 378
4397 231
4695 810
1953 106
2113 390
2363 144
2265 153
2366 155
4616 946
4688 848
5021 685
4292 662
5652 507
4853 871
4276 609
5683 524
4612 670
5026 581
5604 458
4694 1014
4723 1019
2816 88
2908 514
2908 514
3306 509
3619 107
3483 105
2982 262
1823 259
1485 118
607 360
1107 343
1043 436
1631 633
1661 679
1505 98
1025 528
915 704
4566 1028
892 547
1072 623
1637 725
1494 106
1000 454
4955 832
4954 826
4827 1029
4642 1030
4862 1029
